0 0.1557
1 0.43872
2 0.72174
3 1.00476
4 1.28778
5 1.5708
6 1.5708
7 1.5708
8 1.5708
9 1.5708
10 1.5708
11 1.5708
12 1.5708
13 1.5708
14 2.09412469282041
15 2.61681469282041
16 3.14181469282041
17 2.66381469282041
18 2.18581469282041
19 1.70781469282041
20 1.22911469282041
21 1.57079469282041
22 1.57079469282041
23 1.57079469282041
24 1.57079469282041
25 1.57079469282041
26 1.57079469282041
27 1.57079469282041
28 1.57079469282041
29 1.57079469282041
30 2.09412469282041
31 2.61681469282041
32 3.14181469282041