0 123
0.74255 123.03
1.4704 123.11
2.1839 123.24
2.8832 123.43
3.5688 123.67
4.2408 123.95
4.8996 124.29
5.5456 124.67
6.179 125.1
6.8 125.58
7.409 126.09
8.0064 126.66
8.5924 127.26
9.1672 127.9
9.7312 128.59
10.285 129.31
10.828 130.07
11.362 130.87
11.885 131.7
12.4 132.57
12.906 133.47
13.402 134.4
13.891 135.36
14.371 136.35
14.844 137.38
15.309 138.42
15.767 139.5
16.218 140.6
16.662 141.72
17.1 142.87
17.532 144.04
17.958 145.23
18.379 146.44
18.795 147.67
19.206 148.92
19.613 150.18
20.015 151.46
20.414 152.76
20.808 154.06
21.2 155.38
21.589 156.71
21.974 158.05
22.358 159.4
22.739 160.76
23.119 162.12
23.497 163.49
23.874 164.86
24.25 166.24
24.625 167.62
25 169
25.375 170.38
25.75 171.76
26.126 173.14
26.503 174.51
26.881 175.88
27.261 177.24
27.642 178.6
28.026 179.95
28.411 181.29
28.8 182.62
29.192 183.94
29.586 185.24
29.985 186.54
30.387 187.82
30.794 189.08
31.205 190.33
31.621 191.56
32.042 192.77
32.468 193.96
32.9 195.13
33.338 196.28
33.782 197.4
34.233 198.5
34.691 199.58
35.156 200.62
35.629 201.65
36.109 202.64
36.598 203.6
37.094 204.53
37.6 205.43
38.115 206.3
38.638 207.13
39.172 207.93
39.715 208.69
40.269 209.41
40.833 210.1
41.408 210.74
41.994 211.34
42.591 211.91
43.2 212.42
43.821 212.9
44.454 213.33
45.1 213.71
45.759 214.05
46.431 214.33
47.117 214.57
47.816 214.76
48.53 214.89
49.257 214.97
50 215
