0 345
0.74255 345
1.4704 345
2.1839 345
2.8832 345
3.5688 345
4.2408 345
4.8996 345
5.5456 345
6.179 345
6.8 345
7.409 345
8.0064 345
8.5924 345
9.1672 345
9.7312 345
10.285 345
10.828 345
11.362 345
11.885 345
12.4 345
12.906 345
13.402 345
13.891 345
14.371 345
14.844 345
15.309 345
15.767 345
16.218 345
16.662 345
17.1 345
17.532 345
17.958 345
18.379 345
18.795 345
19.206 345
19.613 345
20.015 345
20.414 345
20.808 345
21.2 345
21.589 345
21.974 345
22.358 345
22.739 345
23.119 345
23.497 345
23.874 345
24.25 345
24.625 345
25 345
25.375 345
25.75 345
26.126 345
26.503 345
26.881 345
27.261 345
27.642 345
28.026 345
28.411 345
28.8 345
29.192 345
29.586 345
29.985 345
30.387 345
30.794 345
31.205 345
31.621 345
32.042 345
32.468 345
32.9 345
33.338 345
33.782 345
34.233 345
34.691 345
35.156 345
35.629 345
36.109 345
36.598 345
37.094 345
37.6 345
38.115 345
38.638 345
39.172 345
39.715 345
40.269 345
40.833 345
41.408 345
41.994 345
42.591 345
43.2 345
43.821 345
44.454 345
45.1 345
45.759 345
46.431 345
47.117 345
47.816 345
48.53 345
49.257 345
50 345
