0 92
0.74255 92.016
1.4704 92.063
2.1839 92.14
2.8832 92.248
3.5688 92.384
4.2408 92.55
4.8996 92.743
5.5456 92.963
6.179 93.211
6.8 93.484
7.409 93.783
8.0064 94.106
8.5924 94.454
9.1672 94.826
9.7312 95.22
10.285 95.636
10.828 96.074
11.362 96.533
11.885 97.013
12.4 97.512
12.906 98.03
13.402 98.567
13.891 99.121
14.371 99.693
14.844 100.28
15.309 100.89
15.767 101.5
16.218 102.14
16.662 102.79
17.1 103.45
17.532 104.12
17.958 104.81
18.379 105.51
18.795 106.21
19.206 106.93
19.613 107.66
20.015 108.4
20.414 109.14
20.808 109.9
21.2 110.66
21.589 111.42
21.974 112.19
22.358 112.97
22.739 113.75
23.119 114.54
23.497 115.33
23.874 116.12
24.25 116.91
24.625 117.71
25 118.5
25.375 119.29
25.75 120.09
26.126 120.88
26.503 121.67
26.881 122.46
27.261 123.25
27.642 124.03
28.026 124.81
28.411 125.58
28.8 126.34
29.192 127.1
29.586 127.86
29.985 128.6
30.387 129.34
30.794 130.07
31.205 130.79
31.621 131.49
32.042 132.19
32.468 132.88
32.9 133.55
33.338 134.21
33.782 134.86
34.233 135.5
34.691 136.11
35.156 136.72
35.629 137.31
36.109 137.88
36.598 138.43
37.094 138.97
37.6 139.49
38.115 139.99
38.638 140.47
39.172 140.93
39.715 141.36
40.269 141.78
40.833 142.17
41.408 142.55
41.994 142.89
42.591 143.22
43.2 143.52
43.821 143.79
44.454 144.04
45.1 144.26
45.759 144.45
46.431 144.62
47.117 144.75
47.816 144.86
48.53 144.94
49.257 144.98
50 145
