5 3 1 0 0 0 0 3 3 16 0 1 0
0 0 0 0 0 0 1.0 1.0
-198.621 31.637 6.27962 0.0 0.0 0.0 84.46 1449000
-193.0528 119.7538 0.306 0 0 0 87.255 1432000
136.190992851365 223.667878568614 0.305719428592799 0 0 0 71.511 1057000
317.667 246.928 0.0 0 0 0 70.5 117828.120166
1 2 18.827 30.862 217.450 0.0
2 3 -190.145 25.701 -205.133 0.0
4 5 190.308 0.0 0.0 34.019
3 4 135.409 0.0 223.082 0.0 -210.790 0.0 -123.117 0.0
1 1 0
1 2 0
1 3 0
5 1 0 2 0.0 0.0 107.488 -19.166 4 1
5 2 0 3 -141.343 0.0 -45.598 -16.550 4 2
5 3 0 4 -205.13 0.0 -205.383 0.0 4 3
1 0 0
2 0 0
3 0 0
4 0 0
1 18.827 30.862
2 -190.145 25.701
2 107.488 -19.166
2 -141.343 0.0
3 -45.598 -16.550
5 40 55
5 -40 55
5 40 -55
5 -40 -55
5 0.0 34.019
4 0.0 -210.790
3 -205.133 0.0
4 5 0 0 0 0 0 100 300 0
0 -9.8
8 1 5.0 5.0
0 0.1 50.0 0.1